kernel1: 229.228940 GFLOPS
kernel2: 407.547103 GFLOPS
kernel3: 512.185043 GFLOPS